State College:(40.79815,-77.87540)
Altoona:(40.51955,-78.41286)
Harrisburg:(40.28422,-76.88798)
Bellefonte:(40.91134,-77.77644)
Pittsburgh:(40.43599,-79.97913)
Philadelphia:(39.88713,-75.22103)
